3 0.3638125 0.49383333333333335 0.7226250000000001 0.7518611111111112
0 0.31189062500000003 0.19897222222222222 0.0680625 0.22744444444444442
0 0.378765625 0.18816666666666665 0.053390625000000004 0.2534444444444444
0 0.427015625 0.21891666666666668 0.04496875 0.2514444444444444
0 0.482796875 0.2427222222222222 0.072328125 0.2831666666666667
0 0.5126875 0.2683333333333333 0.052234375 0.24513888888888888
0 0.541921875 0.2881111111111111 0.069421875 0.24305555555555555
0 0.574703125 0.3220277777777778 0.09814062500000001 0.24341666666666664
0 0.6148125 0.35708333333333336 0.0935625 0.24602777777777776
0 0.265328125 0.8520833333333333 0.125390625 0.16994444444444445
0 0.34775 0.9146944444444445 0.14134375 0.13180555555555556