3 0.44240625 0.5099722222222223 0.77871875 0.6868611111111111
0 0.333453125 0.2903611111111111 0.096078125 0.2197777777777778
0 0.37609375 0.29191666666666666 0.08159374999999999 0.2783888888888889
0 0.418734375 0.24661111111111111 0.05509375 0.3096388888888889
0 0.464546875 0.21719444444444444 0.052968749999999995 0.2806944444444444
0 0.5046406250000001 0.19516666666666668 0.06628125 0.3199722222222222
0 0.537828125 0.22555555555555556 0.061343749999999996 0.27819444444444447
0 0.593 0.2237777777777778 0.077921875 0.296
0 0.656875 0.3224722222222222 0.173234375 0.2006388888888889
0 0.145015625 0.8880555555555555 0.127171875 0.18697222222222223
0 0.6755312499999999 0.05063888888888889 0.180390625 0.08552777777777777