3 0.43690625 0.4978611111111111 0.753609375 0.7564166666666666
0 0.382140625 0.788 0.06753125 0.3335
0 0.41751562499999995 0.805138888888889 0.035375000000000004 0.303
0 0.510234375 0.8165833333333334 0.077171875 0.3373055555555556
0 0.5563281250000001 0.7575 0.049312499999999995 0.23058333333333333
0 0.634578125 0.7041388888888889 0.08146875 0.34491666666666665
0 0.40251562500000004 0.10672222222222223 0.16399999999999998 0.14483333333333334
0 0.46575 0.10861111111111112 0.18759375 0.15627777777777777
0 0.598140625 0.06002777777777778 0.10504687500000001 0.08194444444444444
0 0.34409375 0.7832222222222222 0.042875 0.29727777777777775
0 0.90953125 0.4554444444444445 0.146859375 0.3125277777777778