3 0.44114062499999995 0.4746388888888889 0.80878125 0.7154166666666667
0 0.354421875 0.7520277777777779 0.074 0.25422222222222224
0 0.29653125 0.6838611111111111 0.10453125 0.16336111111111112
0 0.40540624999999997 0.7725000000000001 0.05096874999999999 0.22447222222222224
0 0.4876875 0.7147222222222223 0.151625 0.12408333333333334
0 0.529203125 0.8683888888888889 0.055984374999999996 0.2318888888888889
0 0.59084375 0.9544444444444445 0.13634375 0.07377777777777778
0 0.6497499999999999 0.7339444444444445 0.0595625 0.29883333333333334
0 0.69446875 0.7157777777777778 0.061703125000000004 0.26505555555555554
0 0.787953125 0.67825 0.06890625 0.1521388888888889
0 0.52115625 0.1338611111111111 0.1446875 0.08858333333333333