3 0.43678125 0.5280555555555555 0.774328125 0.6960833333333334
0 0.32675 0.7460277777777777 0.06584375 0.2550277777777778
0 0.385671875 0.7608611111111112 0.06953125 0.22061111111111112
0 0.42214062500000005 0.949 0.15687500000000001 0.07336111111111111
0 0.4415 0.777861111111111 0.063390625 0.19261111111111112
0 0.493828125 0.8246666666666667 0.05625 0.2627222222222222
0 0.5691875 0.9153611111111111 0.11925 0.14069444444444443
0 0.541578125 0.7761388888888889 0.067625 0.19130555555555556
0 0.6386875 0.6905555555555556 0.163265625 0.1440833333333333
0 0.674578125 0.8862222222222222 0.10885937500000001 0.19419444444444445
0 0.626109375 0.7906666666666666 0.104484375 0.14772222222222223