3 0.44596875 0.5126666666666667 0.79209375 0.7133055555555556
0 0.53471875 0.10419444444444444 0.142390625 0.14616666666666667
0 0.466578125 0.2066111111111111 0.067359375 0.21941666666666665
0 0.497828125 0.2524166666666667 0.10078125 0.18963888888888888
0 0.6915 0.3109166666666667 0.1253125 0.2295
0 0.3524375 0.27075 0.099484375 0.201
0 0.3076875 0.28525 0.125 0.20727777777777778
0 0.633421875 0.26813888888888887 0.09135937499999999 0.24144444444444446
0 0.59375 0.23397222222222222 0.06971875 0.25427777777777777
0 0.5528906250000001 0.23505555555555557 0.0625 0.20938888888888887
0 0.37320312499999997 0.20938888888888887 0.13821875 0.33761111111111114