3 0.43537499999999996 0.4842222222222222 0.758953125 0.7350833333333333
0 0.30884375 0.2627777777777778 0.0595625 0.20755555555555555
0 0.3481875 0.23941666666666667 0.06296874999999999 0.30477777777777776
0 0.461921875 0.31980555555555557 0.151234375 0.2028888888888889
0 0.39290625 0.22266666666666665 0.05721875 0.2737777777777778
0 0.45726562499999995 0.14055555555555557 0.0453125 0.18277777777777776
0 0.500671875 0.19461111111111112 0.061109375 0.24291666666666667
0 0.54771875 0.2 0.0728125 0.2966388888888889
0 0.58915625 0.2593333333333333 0.1130625 0.25369444444444444
0 0.644515625 0.2864722222222222 0.128625 0.2751388888888889
0 0.72265625 0.3125833333333333 0.142859375 0.2566111111111111