3 0.48978124999999995 0.5470277777777778 0.7439843749999999 0.7564166666666666
0 0.668234375 0.6277777777777778 0.144796875 0.15555555555555556
0 0.757296875 0.6963055555555555 0.083328125 0.23333333333333334
0 0.5997656250000001 0.8589722222222222 0.045671875 0.11966666666666666
0 0.515625 0.7916666666666666 0.072109375 0.16880555555555557
0 0.46646875000000004 0.8083333333333333 0.09309375 0.23755555555555555
0 0.61659375 0.7521388888888888 0.0625 0.14958333333333335
0 0.55565625 0.7557777777777778 0.059250000000000004 0.26158333333333333
0 0.498046875 0.7702500000000001 0.108078125 0.2465277777777778
0 0.7001875 0.7436388888888888 0.106125 0.16319444444444445
0 0.678703125 0.8501111111111112 0.0735625 0.10533333333333333
0 0.619796875 0.7934166666666667 0.057296875000000004 0.1840277777777778