3 0.530421875 0.5239166666666667 0.753765625 0.7379444444444445
0 0.411390625 0.7413055555555556 0.078578125 0.2883611111111111
0 0.44446874999999997 0.7211944444444445 0.0850625 0.23044444444444442
0 0.526234375 0.7849444444444444 0.066765625 0.2796388888888889
0 0.680875 0.76825 0.0905625 0.30180555555555555
0 0.602546875 0.7561111111111111 0.054640625 0.2699722222222222
0 0.718609375 0.7700833333333333 0.060906249999999995 0.24486111111111114
0 0.8167500000000001 0.714111111111111 0.12509375 0.1885
0 0.758390625 0.7460277777777777 0.06659375 0.2649444444444444
0 0.216640625 0.85375 0.063328125 0.2925
0 0.31675 0.07766666666666668 0.1171875 0.15533333333333335