3 0.6346093749999999 0.4572777777777778 0.730765625 0.9145277777777778
0 0.171875 0.6987222222222222 0.09134375 0.19658333333333333
0 0.34375 0.48716666666666664 0.144234375 0.1111111111111111
0 0.32571875 0.375 0.139421875 0.1517222222222222
0 0.4891875 0.328 0.13221875 0.18588888888888888
0 0.5294531250000001 0.26816666666666666 0.123796875 0.17308333333333334
0 0.5733125 0.2318333333333333 0.09375 0.23291666666666666
0 0.600359375 0.15919444444444444 0.10215624999999999 0.26283333333333336
0 0.683890625 0.15705555555555556 0.08653125 0.28419444444444447
0 0.75721875 0.13141666666666668 0.0673125 0.26283333333333336
0 0.8774062499999999 0.521361111111111 0.108171875 0.28633333333333333