3 0.63521875 0.45999999999999996 0.7295625 0.9199999999999999
0 0.549890625 0.32311111111111107 0.09209375 0.18805555555555556
0 0.56409375 0.24780555555555553 0.100171875 0.24300000000000002
0 0.6228125 0.21225 0.0973125 0.19688888888888886
0 0.647515625 0.15091666666666667 0.08265625 0.25477777777777777
0 0.71953125 0.14222222222222222 0.10012499999999999 0.28447222222222224
0 0.839203125 0.21616666666666665 0.06915625 0.20752777777777776
0 0.8961874999999999 0.5840555555555556 0.12060937499999999 0.29883333333333334
0 0.933078125 0.5194166666666666 0.13190625 0.28622222222222227
0 0.9648125000000001 0.4514444444444445 0.070375 0.2308611111111111
0 0.5458125 0.5955555555555556 0.14175 0.23297222222222225
0 0.59478125 0.6686388888888889 0.1896875 0.14855555555555555